0.6037495973589199 	 0.5884091662718175 	 0.3139714108304454 	 0.1300841721613252 	 0.11767038293833021
0.6205628216988768 	 0.5999212826658772 	 0.3558379088719675 	 0.13370838187339995 	 0.12078711346461317
0.602944867181802 	 0.5868922343927658 	 0.5753818054558058 	 0.13060719304924792 	 0.11711099577761916
0.5364062360854235 	 0.4711852044803334 	 0.28469334637509663 	 0.12485188855084392 	 0.11239912739914198
0.45919703371586995 	 0.2990551910232558 	 0.14451657677904817 	 0.11299992339212021 	 0.09663589139101701
0.45854458957105015 	 0.2977435858590153 	 0.1400157219420913 	 0.1047790522809957 	 0.08711004729842567
kmeans


0.8550605775886355 	 0.8284153921829723 	 0.796028880866426 	 0.6933454652114285 	 0.584895719964487
0.8703717480085208 	 0.8392916877742418 	 0.7914252863435969 	 0.533631081096555 	 0.40952474247166026
0.8547501153780017 	 0.8286451638399566 	 0.7963169839720599 	 0.6956859898828592 	 0.5882958349343114
0.7661236946257458 	 0.7344421943298161 	 0.7723402765333482 	 0.46953424686492834 	 0.44472943278783084
0.8451347592410854 	 0.8151981011138679 	 0.789502902355776 	 0.7713569352973353 	 0.7568069049794383
0.8396836386589217 	 0.8108803524424429 	 0.7846587685053372 	 0.7625195432753076 	 0.744886256437877
npb-is


0.8876530811833347 	 0.8393811595306515 	 0.7454570506452856 	 0.5621962906000892 	 0.371113727890532
0.8972800922824594 	 0.8206641784185172 	 0.7834136308330075 	 0.46237242691731684 	 0.3077268281932605
0.8877943422838157 	 0.8406974908538136 	 0.751756256046657 	 0.534538981995448 	 0.4049207450944585
0.7857938661134249 	 0.6587850874188107 	 0.6464746109221889 	 0.4304100440252207 	 0.253807375417103
0.8829219076385861 	 0.7404440872183814 	 0.47246836636616385 	 0.24323045567040327 	 0.13141125156236264
0.8830713439952064 	 0.7453415515744858 	 0.48028957791683324 	 0.24497464513884784 	 0.13813631954989014
npb-lu


0.9604483646155145 	 0.9555916301989016 	 0.9528299723615915 	 0.9504936207098708 	 0.9483152510756557
0.9705820156065493 	 0.9619308662937448 	 0.9576717783025027 	 0.9557602257592667 	 0.4798947691068012
0.9603939195361664 	 0.9555676579754758 	 0.9523673677859593 	 0.9494545533188542 	 0.9466943863281311
0.8011670373712276 	 0.6273350737252752 	 0.7374038724662085 	 0.8293414046062826 	 0.5128409104345402
0.8897974522294229 	 0.824158165724269 	 0.6789739877469161 	 0.3954332540727972 	 0.11819324383532265
0.8888510624225219 	 0.8202961651626693 	 0.6705531915876475 	 0.3960249022456278 	 0.12872259341392744
npb-cg


0.6604200706512646 	 0.5706828002283613 	 0.4729425096146653 	 0.4118470821063339 	 0.37381573956739383
0.6611908646995354 	 0.555094495699345 	 0.4645719380330405 	 0.4102855592112302 	 0.3778696969103591
0.6598114841789516 	 0.5753070313882307 	 0.47294069498249197 	 0.4242111073836243 	 0.3771011197632614
0.6649477626441143 	 0.5789988653963244 	 0.48687667811285834 	 0.3996529364810626 	 0.3844712469067387
0.7288519951984875 	 0.6269606614269183 	 0.4875504655558606 	 0.38452402326209406 	 0.25984345332251596
0.7295493181595339 	 0.6295657940402556 	 0.4864796874030419 	 0.38562889471873446 	 0.26314305808313543
npb-mg


0.8869883211803067 	 0.8626645497986569 	 0.6547754870530362 	 0.5193246001448254 	 0.31998883896513014
0.8897102337280435 	 0.860774522425107 	 0.6523578638394595 	 0.41651151317665625 	 0.28030015899070365
0.8869312758803756 	 0.8635949448557348 	 0.6539156796700291 	 0.5348467356902588 	 0.34875638413267446
0.7876588276162444 	 0.81389184716073 	 0.6225985828873054 	 0.518403847932229 	 0.32673512042161407
0.8563510124734639 	 0.7467344594622339 	 0.5859081624311008 	 0.4445342121420402 	 0.22206121867603298
0.8642668668206543 	 0.762453850596823 	 0.5803196875884544 	 0.44246528455215495 	 0.22248072730029403
npb-ft


0.4184152997158291 	 0.3322959499795241 	 0.27556553197788053 	 0.20660118485890153 	 0.17704899379383407
0.43325753400509476 	 0.34462405619538966 	 0.3058699476083811 	 0.21338239328197867 	 0.17915980769986264
0.41534880805525015 	 0.3302807278552641 	 0.26633338520981137 	 0.21246433763709857 	 0.1743304054591635
0.4069699359529067 	 0.33671997203673976 	 0.269241530195562 	 0.19430294709698193 	 0.16332471430035017
0.4318309053181222 	 0.3499427599325039 	 0.2630779957864268 	 0.2065803485450456 	 0.16640672379210747
0.43297603251989375 	 0.34928285249461277 	 0.256948272592102 	 0.19247017180497822 	 0.1543426819964185
qsort


0.2230930699688019 	 0.1418881395646508 	 0.06012336545044798 	 0.035560501723401604 	 0.02827509240032704
0.26031921665781754 	 0.16440193959934918 	 0.09331365145754948 	 0.06375030109693987 	 0.04991149874108807
0.22282682427159942 	 0.13888219829008155 	 0.05820969824938115 	 0.035096443665970166 	 0.02827201818214038
0.22745903968404832 	 0.11401061808221936 	 0.0567213741499352 	 0.03894535548506298 	 0.02988672680842598
0.28494800002433573 	 0.10121031195842166 	 0.040977573003320195 	 0.027816125456632493 	 0.022122622339442836
0.2906176933431357 	 0.11191492979955445 	 0.0423387002861351 	 0.028401899648722438 	 0.02221094247403485
wtdbg2


0.11922214911802397 	 0.11810565737623187 	 0.11715831340609557 	 0.11667211925888545 	 0.11559517855078422
0.14458450527531894 	 0.12996137587609716 	 0.1250546971995329 	 0.12277450217732803 	 0.12091229075012802
0.11925707098297848 	 0.11789109063646146 	 0.11668091735422584 	 0.11638138472134692 	 0.1153576861697324
0.11858839678231914 	 0.11741604100886825 	 0.11558885254816573 	 0.11442145443655394 	 0.07909846751373605
0.16520662542388448 	 0.16241405052380878 	 0.1609683905978491 	 0.1564239979899927 	 0.1300828345255458
0.16436331205434873 	 0.16194796836086586 	 0.16051137823457473 	 0.1560259956546214 	 0.12979578821808846
specjbb


0.023818576663628726 	 0.018888703499789987 	 0.013855524965460208 	 0.010621331470629975 	 0.007794163756549932
0.026876000589295016 	 0.019462242629627164 	 0.015211171286534986 	 0.011662532727192162 	 0.007852820986871062
0.02379430149101646 	 0.018762949825475717 	 0.014345776003363642 	 0.01104886768511491 	 0.007822559210708386
0.020052520865812405 	 0.015995692514773174 	 0.012708323322131168 	 0.009612365252160936 	 0.005501416488323191
0.020523389863831225 	 0.01411443532589 	 0.009824882169040953 	 0.0063461818322831905 	 0.0036311541995571006
0.02050602045403432 	 0.01414311350345729 	 0.009911461996581038 	 0.006227317419255474 	 0.0036137172800988207
hpl


0.09959664162552764 	 0.07718547753771465 	 0.05190116451509069 	 0.02939304473517376 	 0.015960651810686954
0.11680182783851104 	 0.08469140565928161 	 0.05440988195027105 	 0.03437451540190821 	 0.022510732663454346
0.09812131621143948 	 0.07606055960559834 	 0.053773688615338947 	 0.027564390909139383 	 0.014643936446297827
0.09403384001799683 	 0.07431593369453582 	 0.047841003648395344 	 0.025461963542435486 	 0.013333822048661254
0.1091114683013757 	 0.0754729508149606 	 0.045711061127083376 	 0.026670137094849854 	 0.015298353033704625
0.10761239209359368 	 0.07500852342524501 	 0.04514555623664115 	 0.026317778259553486 	 0.01465412483695472
spark-graphx-cc


0.10990733488368394 	 0.0885976824473822 	 0.033825886581200997 	 0.012916534581506645 	 0.007566280106587177
0.12129835326550574 	 0.08518104493368091 	 0.04171873390858212 	 0.02376514948772758 	 0.01604877998445552
0.10916729219504392 	 0.08696721830390845 	 0.030831313291550633 	 0.012523153624930089 	 0.007295860113229248
0.10323342114392678 	 0.07787754080180812 	 0.02915278378274987 	 0.011478125247161864 	 0.007506631389679467
0.12118261088962377 	 0.07111362273875699 	 0.030904234980678905 	 0.014555093808263092 	 0.010504199474901603
0.1198460294767978 	 0.07172877811934994 	 0.030036784812470716 	 0.0121066037078763 	 0.008414331048561256
spark-graphx-pgrank


0.1334548102243164 	 0.09960771593262555 	 0.07843794029248313 	 0.04391316908379875 	 0.01795402426824133
0.15536763420432423 	 0.10669752646515171 	 0.0829934298585415 	 0.04575124887825498 	 0.027561004149098428
0.13303787768511666 	 0.09987948328301548 	 0.07462287669569394 	 0.046243918788897644 	 0.016118113770448198
0.1277366324318842 	 0.09795088966822044 	 0.07042510606791219 	 0.0336828983244542 	 0.01485291021291143
0.14214797186848196 	 0.09888776006794912 	 0.059773800720039086 	 0.03151705715960192 	 0.01822947390897574
0.14021655362716745 	 0.0994669711574714 	 0.06087773148308412 	 0.03134799137122888 	 0.016616191536430493
spark-graphx-bfs


0.31436885369876477 	 0.15189928335037592 	 0.05115278393703825 	 0.023244354006303064 	 0.014100160055972186
0.3294218264309181 	 0.1598952429790535 	 0.06901424542209332 	 0.03606546476238035 	 0.021662662731588588
0.3140960952871092 	 0.15047441895579233 	 0.05032399809750236 	 0.022365365661903048 	 0.013716816638314944
0.3156856782017304 	 0.13350699459270254 	 0.051536901201361535 	 0.02235031736540086 	 0.013929716149643211
0.3173936088108755 	 0.12771090852280173 	 0.06099303167945372 	 0.029375890634912333 	 0.020644688597403312
0.3173401222414465 	 0.12786469524111355 	 0.05979153820182716 	 0.028210717563778853 	 0.01901351939387722
spark-graphx-lp


0.0977156519347138 	 0.08305892137431391 	 0.06738395130304327 	 0.048580832423756104 	 0.038816204473327745
0.10372762988964387 	 0.08695563916419657 	 0.07227767455786457 	 0.05796563342521245 	 0.0490108389948595
0.09713554532831029 	 0.08138854182689481 	 0.06553023181027205 	 0.04520232456494506 	 0.036786836841903196
0.09453920515607249 	 0.0740339615566485 	 0.049947608761874304 	 0.046354766215119886 	 0.03624437433157552
0.11926369665488495 	 0.07893981902031266 	 0.05607963178706178 	 0.045411665595879266 	 0.035865888100242195
0.1107396088797044 	 0.08802768036434337 	 0.05365956965152841 	 0.043532983469779414 	 0.034930105438900086
terasort-6g-1


0.6631780586355019 	 0.6320623948603723 	 0.5936892493063799 	 0.5586889171368712 	 0.48764337712750266
0.6725603532649879 	 0.6336732579246867 	 0.5995318350018259 	 0.5452816513521973 	 0.48379471530438034
0.6631063408236619 	 0.6324627698112032 	 0.5986310255648587 	 0.5714955781053319 	 0.5181504141662278
0.5680229992260334 	 0.4686616670674716 	 0.4226274206018813 	 0.3977923289981745 	 0.37949612699481994
0.6015451950197075 	 0.4990302814548482 	 0.4049899676703964 	 0.30250569944788874 	 0.21769088537693462
0.5805415194818507 	 0.46937270164188605 	 0.3742354028268413 	 0.29211955809754275 	 0.21701129698150332
tpch-6g-q1


0.2724532900360053 	 0.22129161620330917 	 0.1784480944990977 	 0.14887447931081427 	 0.11351769731896633
0.31036036691478647 	 0.231492772806487 	 0.189496530367358 	 0.15311357826143768 	 0.11849894567798033
0.27043686461897065 	 0.22410925403799825 	 0.1768996549565906 	 0.14696101308288037 	 0.11293241741715773
0.24564709142283922 	 0.18356343977645925 	 0.15126110127445752 	 0.11613011941451166 	 0.09251444839329007
0.2444521350581557 	 0.17607539698514885 	 0.12878892104111705 	 0.09909208134460518 	 0.07702981179473735
0.2486708593993332 	 0.17702688086250024 	 0.12639934663618324 	 0.0926122146597871 	 0.06839710472135097
tpch-6g-q2


0.4997228543804249 	 0.45444642727786777 	 0.4013781331498979 	 0.3453312512260061 	 0.2804475388256015
0.5130804134204969 	 0.46685772734533937 	 0.39200596381671965 	 0.3379893603112484 	 0.27451510917714034
0.4990029617658551 	 0.4594954988633023 	 0.4086659775240906 	 0.3589880625031977 	 0.30949887399509307
0.4399672509699864 	 0.36144424336918296 	 0.31105055003375465 	 0.27434021406893105 	 0.22033188819810773
0.4467005532296521 	 0.3568680751421267 	 0.2773845822700792 	 0.20066057154623132 	 0.14251606271810402
0.4341479379322941 	 0.3480836959857252 	 0.2735096818087458 	 0.20346254674096909 	 0.14182194838213108
tpch-6g-q3


0.5089530902292588 	 0.4729528566279296 	 0.4406502500090115 	 0.3903644357573117 	 0.3081768602070065
0.5281802109075965 	 0.48319930529863614 	 0.45292183975327965 	 0.3883863947703957 	 0.28952960220855056
0.5100144479269838 	 0.4773634522826525 	 0.44933263539538526 	 0.411413186488196 	 0.3409250712851934
0.4501424422120878 	 0.3675603260947993 	 0.3310390062267604 	 0.3236250108113085 	 0.21763857796679703
0.481205943881463 	 0.38449473431653153 	 0.2930588093070696 	 0.21062110917448634 	 0.14042452950157777
0.4645273121364611 	 0.3655412233930789 	 0.28101813948062304 	 0.20319204829755272 	 0.13798713866778317
tpch-6g-q4


0.4698980790824106 	 0.42334891740072483 	 0.366128151418221 	 0.3090114139724942 	 0.2424495113852156
0.48822958427526353 	 0.42411148500094986 	 0.3599411438536474 	 0.31059163825157304 	 0.23833590744045066
0.47104576202236426 	 0.4198520071041558 	 0.36896779313390926 	 0.3238267742348937 	 0.2716101266437631
0.4161352228686103 	 0.3342201040355338 	 0.2829142469635449 	 0.2559571531973183 	 0.18294270395929782
0.42429831050739 	 0.34460697272681867 	 0.26113234397345464 	 0.18670853866771261 	 0.13091745798007007
0.4021784704501332 	 0.31594321513893425 	 0.2348137421602161 	 0.17319065695464433 	 0.11572994280202473
tpch-6g-q5


0.67989327290567 	 0.6415340749650416 	 0.6147850519981312 	 0.5822123497254406 	 0.5238275910587277
0.6923162864522179 	 0.6524495706305266 	 0.6143414898817902 	 0.5773209586883721 	 0.48091386733933766
0.6794753805134146 	 0.642392568604314 	 0.6228286120031927 	 0.5868682327285958 	 0.53938493715655
0.5936062601440485 	 0.48598622898696453 	 0.43403961064138985 	 0.4241402993949909 	 0.4063197777307687
0.605320332896472 	 0.5150316869790023 	 0.4166168300637565 	 0.3170129036514191 	 0.23074380826486962
0.5943579771083161 	 0.48445969957105084 	 0.38855983358917856 	 0.30515307925230467 	 0.2298408360403286
tpch-6g-q6


0.48016522456923916 	 0.43408936124093234 	 0.3725388106211022 	 0.3127376610887779 	 0.25091376871460846
0.4965849837680323 	 0.4302821997378262 	 0.3701741619416845 	 0.30273554517513546 	 0.2325632284772096
0.47924333918484513 	 0.4374331724406599 	 0.37318487736086897 	 0.32228684318830014 	 0.2644779882029728
0.41861256140112807 	 0.34450934913944564 	 0.2894372694598647 	 0.2566350292916265 	 0.18074507490281685
0.4345113052935631 	 0.3483493043403346 	 0.2586167220208674 	 0.18180951632792666 	 0.1305300704993796
0.40842619264872687 	 0.3134197776672061 	 0.22830393456424142 	 0.16655313433296137 	 0.11150100781332722
tpch-6g-q7


0.47071046828432267 	 0.42761646168881856 	 0.372157329866984 	 0.30421859615207936 	 0.25137624857926855
0.49081797802711846 	 0.4361200084506763 	 0.37316242139493505 	 0.3245489641883 	 0.24756834868434988
0.47130869743599385 	 0.42566162070441493 	 0.37524645589713507 	 0.32394836416324846 	 0.2697582881209468
0.40892103958619513 	 0.34164251986583244 	 0.2849294806514526 	 0.262314928080705 	 0.17932249129126068
0.4181501870157094 	 0.3385027317391678 	 0.25053789599987564 	 0.18054245721918818 	 0.12613437963793064
0.39920155771416777 	 0.31559131647238886 	 0.23011312522325503 	 0.16271486234824872 	 0.11260618488020148
tpch-6g-q8


0.42936332286325496 	 0.36665517425620286 	 0.3088459884661016 	 0.2415468910031383 	 0.16297092906187513
0.4451311391161492 	 0.37460467486826854 	 0.31684113334088676 	 0.23894543142117594 	 0.1581280479334441
0.42736231569184924 	 0.3745234599430504 	 0.3173873864111117 	 0.2524581903917019 	 0.18814604876086782
0.3705677210246981 	 0.29941892842431894 	 0.2533323766600637 	 0.18374712075793684 	 0.10632799679142614
0.3802460149889101 	 0.27731889418989375 	 0.19659864228323487 	 0.13611936223389878 	 0.09426258860266128
0.3640502232428554 	 0.27260697669624767 	 0.19298629240315826 	 0.1248145513119386 	 0.08084793364632856
tpch-6g-q9


0.49162434712400505 	 0.4437272945610463 	 0.38745313858123803 	 0.32159208292172686 	 0.2503309210042478
0.5100868831051119 	 0.4507556565755709 	 0.3650938713482221 	 0.30285995191223564 	 0.24688879425274463
0.49043906493073147 	 0.44696995710050813 	 0.40117258220823154 	 0.33823188545545685 	 0.2726400159340659
0.428194394332249 	 0.36336104721090184 	 0.3049219121091206 	 0.2595743078755926 	 0.1798794546344067
0.44720327709931096 	 0.33580677902232836 	 0.24679810222327006 	 0.1766687527308603 	 0.12632807924213982
0.4258282179574837 	 0.3316078330628116 	 0.24487811855248048 	 0.17042183903490235 	 0.11663771954647716
tpch-6g-q10


0.291021314219731 	 0.22877346430960735 	 0.18680483963010822 	 0.1251086358588486 	 0.07536402250054125
0.31763276417563163 	 0.24213385837491452 	 0.20230998976567707 	 0.12247059728763496 	 0.0886232436563804
0.2898612573837459 	 0.22937061988208876 	 0.1854967598018407 	 0.1386906275373154 	 0.06883514091815748
0.2584724494887953 	 0.19022061790826533 	 0.1644350372945898 	 0.11003010038437995 	 0.06975443719761691
0.2566526698261556 	 0.17622491223770972 	 0.12504117190634914 	 0.08880984619059595 	 0.06793222521286903
0.25439457091587464 	 0.16723739076298907 	 0.11653810421630505 	 0.07715933221016752 	 0.05602866960391126
tpch-6g-q11


0.5865750347277273 	 0.5393548955808987 	 0.48905047830648857 	 0.4247176355981691 	 0.3741062118396433
0.5988976306804368 	 0.5514420698322834 	 0.5012902276413481 	 0.4093000978574436 	 0.36776519756770054
0.5855019900726637 	 0.5426718116985493 	 0.4961032785593992 	 0.4382987348464814 	 0.37646560610562235
0.5017317752686405 	 0.42282242294138783 	 0.3565124952905705 	 0.32957653096659273 	 0.28221578472974784
0.5185383714052614 	 0.4103774000709401 	 0.32236087477009046 	 0.23801160821556802 	 0.17189117050551653
0.506795233256961 	 0.40665434341981166 	 0.3139515635344208 	 0.24362605296175105 	 0.17722584380174525
tpch-6g-q12


0.3208202509536988 	 0.27474944090957926 	 0.22000928322329785 	 0.16305801619121588 	 0.08543673528851205
0.34148738774189147 	 0.27194690877943534 	 0.22028606564938616 	 0.1679759930589083 	 0.10021067344854868
0.32024130019048724 	 0.27243747207443614 	 0.22995322795397904 	 0.17788984748723619 	 0.09562629166022467
0.2753848091873694 	 0.21716149149079292 	 0.18720603307820208 	 0.11246586013793554 	 0.06757101836616693
0.2835060503255137 	 0.1972068789477662 	 0.13949325804092028 	 0.09678685880616023 	 0.07079049130370488
0.2819527445616766 	 0.19841036759091174 	 0.13509027898337808 	 0.08939075360757176 	 0.06167883174310448
tpch-6g-q13


0.58305174136945 	 0.5308634696370713 	 0.48520642377843476 	 0.4180313998502289 	 0.3640479544776426
0.5987846705123776 	 0.5331190628433949 	 0.4708902584538922 	 0.412632358765764 	 0.3416500816349193
0.5840397804861719 	 0.5347621123386146 	 0.49474787517701957 	 0.42933558519939863 	 0.38465462132185824
0.506322422668889 	 0.4229043707152581 	 0.35282499202074596 	 0.31828693180917406 	 0.2742633334401637
0.5291956016265786 	 0.41327242335713693 	 0.31034034025174895 	 0.23127831440521082 	 0.16969299673054067
0.5069648327209157 	 0.40055998702312823 	 0.314061310918902 	 0.23394332791242692 	 0.17003806620260176
tpch-6g-q14


0.5845000531370328 	 0.5520707125200544 	 0.509960295579825 	 0.47066657975061155 	 0.3954750116907638
0.5986041789775832 	 0.5540035631681512 	 0.5089630524759516 	 0.43302554196830834 	 0.37719795827494107
0.5836395163602919 	 0.5521768922197964 	 0.5119867450019533 	 0.4725319975462409 	 0.41064608107030964
0.506475159613188 	 0.4186481458006421 	 0.369684792419244 	 0.35997150006895184 	 0.2936057409847655
0.5290129568957048 	 0.41507025400327463 	 0.3221319105784072 	 0.23991437770771737 	 0.1681554168252605
0.5131193438574344 	 0.40907960770894386 	 0.32172594101643437 	 0.2325029265665792 	 0.1631755855287786
tpch-6g-q15


0.29252539170249375 	 0.2283263444860578 	 0.1892751062778856 	 0.15949419378093113 	 0.10605882405857817
0.3202809708667069 	 0.2413928024126227 	 0.19232549756235232 	 0.15797720196441573 	 0.1206484878892106
0.29052317607987205 	 0.23255803111860593 	 0.18893324393432992 	 0.15889305980749485 	 0.11869087176103156
0.27351274255162417 	 0.19879311415716827 	 0.17092545359376998 	 0.11886327581259797 	 0.0873860058314866
0.2791221370768337 	 0.1934872598515246 	 0.14980191454254244 	 0.11467193735875723 	 0.09001497734122041
0.2782390412714027 	 0.19833704849087 	 0.14471811809930965 	 0.1080855957866081 	 0.08097402647163075
tpch-6g-q16


0.4195353733852142 	 0.36136136648879374 	 0.2886474094135543 	 0.21435136589039588 	 0.10113985892871699
0.43087079317596655 	 0.3748239164112309 	 0.2946760845526364 	 0.23114293258189988 	 0.10588514716357195
0.4204026701238465 	 0.3644299233487135 	 0.3118787735203732 	 0.24461611317186951 	 0.15038254491256342
0.350139546172108 	 0.268878315917148 	 0.2449699874905821 	 0.16382346704930795 	 0.061796754416119065
0.3604114543332224 	 0.24964807674174572 	 0.15853534112643836 	 0.09326022913205302 	 0.048267963725954474
0.34221854337272634 	 0.2451677324894005 	 0.1482744636809376 	 0.08198925341555226 	 0.04023703012168897
tpch-6g-q17


0.5167143784191714 	 0.4157847495843361 	 0.2401362766154385 	 0.09982860473076426 	 0.04600583030530356
0.5269632746036942 	 0.38712971617283765 	 0.24146373131808122 	 0.12910540372647555 	 0.08706983722182086
0.5140231072858086 	 0.4468509308307491 	 0.2744873428039533 	 0.12695755223763222 	 0.046127058031350365
0.405029570152948 	 0.33710636336675676 	 0.16257972434433324 	 0.08400995316050511 	 0.057475296024733814
0.4155331451690585 	 0.2433924539475801 	 0.12359176908071434 	 0.07023816760657223 	 0.05337496009889093
0.40621632797024154 	 0.234484721973139 	 0.10794424415951677 	 0.06003308231729653 	 0.045204945199032995
tpch-6g-q18


0.5734790278184733 	 0.5310901172337148 	 0.49083934436964305 	 0.42993567700174945 	 0.36043919648608125
0.5898326833740468 	 0.5383200480933946 	 0.4770014148035405 	 0.41840247207963643 	 0.3564388306006935
0.5759388903368402 	 0.5336963097608345 	 0.49329116757739966 	 0.43293819368885866 	 0.37848528661376074
0.5279254993948282 	 0.44137060022642993 	 0.37081625339838625 	 0.3290964743731989 	 0.2827545984060773
0.5458753837295953 	 0.43515883280284223 	 0.3293307707714985 	 0.24720458164391584 	 0.18150269356509696
0.5418125581091662 	 0.43652510666866073 	 0.3471260934823444 	 0.2626524828693035 	 0.19260797642846678
tpch-6g-q19


0.4565110322325005 	 0.42447086558339736 	 0.39014733943126473 	 0.3517422997633141 	 0.2937371784285095
0.4762629176495741 	 0.43700047482886945 	 0.394625237209063 	 0.34593019807507724 	 0.27269040035643044
0.45550318240203125 	 0.42585294721795247 	 0.39111626883461187 	 0.35501659132659674 	 0.3173602438809156
0.40216249742799914 	 0.3285561095417727 	 0.28050672422702055 	 0.2766573324050617 	 0.23204572969886306
0.4181183124941522 	 0.3326894868375998 	 0.2505649672702179 	 0.18369137853286838 	 0.13229196342014324
0.40702633890283263 	 0.31868107679536045 	 0.24826828306235882 	 0.18518474877046046 	 0.13119466844349742
tpch-6g-q20


0.2613691704754433 	 0.22689718351764085 	 0.19652658192856767 	 0.13923009340130363 	 0.04202518941667615
0.26772596641032587 	 0.23102379894171501 	 0.19947529069304226 	 0.14682081002707925 	 0.07264857520003211
0.2601545175050742 	 0.2281800211607307 	 0.19977500533989662 	 0.1440161774895485 	 0.03463532882350843
0.24177047996410672 	 0.19387422636095347 	 0.16408046537649773 	 0.08006756503464563 	 0.026641445518302883
0.2797589649624331 	 0.21090772943372207 	 0.13266696701112526 	 0.06034293810418907 	 0.023545820129962387
0.27369368824605284 	 0.2073692926635888 	 0.13481712931091755 	 0.06013685553009965 	 0.02162922320034625
tpch-6g-q21


0.23185743392066513 	 0.2008600048254417 	 0.17233629473123496 	 0.14711040972996894 	 0.1108144211723211
0.2796871142682903 	 0.22143429505527204 	 0.18998151210866854 	 0.14050270908365187 	 0.10007835903138565
0.23105721527275822 	 0.20356865154935966 	 0.1712872800069026 	 0.14543578719255468 	 0.12031953935727854
0.21321109546783945 	 0.1682818860583541 	 0.1413330048799139 	 0.11971679006607125 	 0.08038407589926982
0.22367703713817388 	 0.16378391517827984 	 0.12392249635233021 	 0.09400112522032435 	 0.0686874200036792
0.22209411739536883 	 0.1644535597032715 	 0.12045569951273367 	 0.08710706048489411 	 0.06029025162131142
tpch-6g-q22


